Training loss: [9.992007221626413e-16, 9.992007221626413e-16, 9.992007221626413e-16, 9.992007221626413e-16, 9.992007221626413e-16, 9.992007221626413e-16]
Validation loss: [4.535435263848383, 4.535435263848383, 4.186558734606861, 4.535435263848384, 4.186558734606861, 4.884319869831624]
Testing loss: [6.628726746264392, 6.628726746264392, 6.628726746264392, 6.977603275505913, 6.279850217022869, 6.2798421402811515]
Training accuracy: [1.0, 1.0, 1.0, 1.0, 1.0, 1.0]
Validation accuracy: [0.8686868686868687, 0.8686868686868687, 0.8787878787878788, 0.8686868686868687, 0.8787878787878788, 0.8585858585858586]
Testing accuracy: [0.8080808080808081, 0.8080808080808081, 0.8080808080808081, 0.797979797979798, 0.8181818181818182, 0.8181818181818182]
Training precision: [1.0, 1.0, 1.0, 1.0, 1.0, 1.0]
Validation precision: [0.9019607843137255, 0.9019607843137255, 0.9038461538461539, 0.9019607843137255, 0.9038461538461539, 0.8846153846153846]
Testing precision: [0.7906976744186046, 0.7906976744186046, 0.7906976744186046, 0.7857142857142857, 0.7954545454545454, 0.8095238095238095]
Training recall: [1.0, 1.0, 1.0, 1.0, 1.0, 1.0]
Validation recall: [0.8518518518518519, 0.8518518518518519, 0.8703703703703703, 0.8518518518518519, 0.8703703703703703, 0.8518518518518519]
Testing recall: [0.7727272727272727, 0.7727272727272727, 0.7727272727272727, 0.75, 0.7954545454545454, 0.7727272727272727]
Training f1: [1.0, 1.0, 1.0, 1.0, 1.0, 1.0]
Validation f1: [0.8761904761904761, 0.8761904761904761, 0.8867924528301887, 0.8761904761904761, 0.8867924528301887, 0.8679245283018868]
Testing f1: [0.7816091954022988, 0.7816091954022988, 0.7816091954022988, 0.7674418604651163, 0.7954545454545455, 0.7906976744186046]
