Training loss: [0.5683646723050514, 0.21860288704663897, 0.08743994024028122, 9.992007221626413e-16, 9.992007221626413e-16, 9.992007221626413e-16]
Validation loss: [4.884327946573343, 4.18656681134858, 4.18656681134858, 4.535451417331822, 4.884336023315062, 5.582089081798107]
Testing loss: [3.837682205365339, 3.4888056761238166, 2.7910364641573344, 2.7910364641573344, 2.7910364641573344, 2.7910364641573344]
Training accuracy: [0.9835443037974684, 0.9936708860759493, 0.9974683544303797, 1.0, 1.0, 1.0]
Validation accuracy: [0.8585858585858586, 0.8787878787878788, 0.8787878787878788, 0.8686868686868687, 0.8585858585858586, 0.8383838383838383]
Testing accuracy: [0.8888888888888888, 0.898989898989899, 0.9191919191919192, 0.9191919191919192, 0.9191919191919192, 0.9191919191919192]
Training precision: [0.988009592326139, 0.9928741092636579, 1.0, 1.0, 1.0, 1.0]
Validation precision: [0.8541666666666666, 0.875, 0.875, 0.8571428571428571, 0.84, 0.8333333333333334]
Testing precision: [0.8888888888888888, 0.8913043478260869, 0.9318181818181818, 0.9318181818181818, 0.9318181818181818, 0.9318181818181818]
Training recall: [0.9809523809523809, 0.9952380952380953, 0.9952380952380953, 1.0, 1.0, 1.0]
Validation recall: [0.8541666666666666, 0.875, 0.875, 0.875, 0.875, 0.8333333333333334]
Testing recall: [0.8695652173913043, 0.8913043478260869, 0.8913043478260869, 0.8913043478260869, 0.8913043478260869, 0.8913043478260869]
Training f1: [0.9844683393070489, 0.9940546967895363, 0.9976133651551313, 1.0, 1.0, 1.0]
Validation f1: [0.8541666666666666, 0.875, 0.875, 0.8659793814432989, 0.8571428571428572, 0.8333333333333334]
Testing f1: [0.8791208791208792, 0.8913043478260869, 0.9111111111111111, 0.9111111111111111, 0.9111111111111111, 0.9111111111111111]
